Drupadia theda microsatellites 2-digit code, 10 populations
DtN10
DtF6
DtE6
DtC1
DtD10
Pop
I100    ,           1010    0202    0707    0711    1010
I100    ,           0610    0406    0505    0203    1010
I100    ,           0909    0406    0505    0308    0808
I100    ,           0910    0202    0505    0203    0610
I100    ,           0810    0207    0505    0203    0810
I100    ,           1011    0206    0505    0708    0108
I100    ,           0709    0206    0505    0205    1010
I100    ,           0609    0505    0709    0305    1010
I100    ,           0812    0505    0707    0505    0606
I100    ,           0709    0203    0505    0305    1010
I100    ,           0808    0206    0505    0304    1014
I100    ,           1012    0307    0505    0307    1012
I100    ,           0709    0203    0505    0305    1010
I100    ,           0410    0207    0505    0308    1010
I100    ,           0910    0206    0505    0208    1215
I100    ,           0610    0207    0507    0309    0810
I100    ,           0410    0206    0505    0708    0609
I100    ,           1010    0206    0505    0305    0610
I100    ,           1010    0203    0505    0205    0808
I100    ,           0610    0202    0505    0204    0606
I100    ,           0810    0505    0707    0404    0606
I100    ,           0708    0405    0707    0405    0606
I100    ,           1010    0208    0505    0308    0610
I100    ,           0607    0405    0707    0305    0606
I100    ,           0610    0405    0709    0404    0606
I100    ,           0712    0405    0709    0304    0606
I100    ,           0207    0505    0707    0405    0303
I100    ,           0712    0404    0909    0305    0606
I100    ,           0708    0405    0707    0505    0606
I100    ,           0911    0202    0505    0405    0810
I100    ,           0110    0202    0505    0509    1010
I100    ,           1016    0505    0709    0306    0308
I100    ,           0709    0206    0505    0307    0810
I100    ,           0710    0207    0505    0406    0610
I100    ,           1011    0202    0505    0208    0612
I100    ,           0410    0406    0505    0305    0810
I100    ,           0710    0202    0505    0405    1010
I100    ,           0810    0206    0505    0203    1010
I100    ,           0708    0505    0707    0405    0210
I100    ,           0510    0207    0505    0203    0808
I100    ,           0510    0207    0505    0202    1011
I100    ,           0607    0404    0707    0405    0310
I100    ,           1012    0405    0707    0405    0606
I100    ,           0916    0505    1010    0303    0306
I100    ,           0410    0607    0707    0203    0610
I100    ,           0810    0203    0505    0508    0608
I100    ,           0909    0202    0505    0303    1114
I100    ,           1012    0202    0505    0204    1010
I100    ,           0510    0405    0707    0310    0210
I100    ,           0910    0202    0505    0408    1010
I100    ,           0712    0505    0407    0405    0606
I100    ,           0816    0404    0707    0506    0606
I100    ,           0808    0505    1010    0507    0606
I100    ,           0608    0405    0707    0405    0707
I100    ,           0607    0405    0707    0304    0303
I100    ,           0712    0505    0707    0405    0606
I100    ,           0910    0102    0505    0406    0410
I100    ,           0607    0405    0707    0102    0606
I100    ,           0608    0404    0707    0304    1010
I100    ,           0710    0202    0505    0308    1011
I100    ,           0910    0607    0505    0304    1010
I100    ,           0410    0202    0505    0408    1114
I100    ,           0710    0202    0505    0203    1010
I100    ,           1010    0506    0707    0305    1010
I100    ,           1010    0307    0505    0204    1010
I100    ,           0710    0206    0505    0308    0610
I100    ,           0912    0207    0505    0608    0610
I100    ,           0810    0207    0505    0304    0606
I100    ,           0809    0202    0505    0307    1214
I100    ,           0710    0207    0505    0405    0914
I100    ,           1010    0202    0505    0808    1010
I100    ,           0910    0202    0505    0305    1010
I100    ,           0611    0206    0505    0309    0817
I100    ,           0710    0606    0505    0305    1010
I100    ,           0910    0206    0505    0308    0610
I100    ,           0810    0203    0505    0408    0613
I100    ,           0513    0405    0707    0307    0606
I100    ,           0808    0405    0710    0305    0606
I100    ,           0910    0206    0505    0404    0206
I100    ,           0910    0306    0505    0206    1010
I100    ,           0810    0202    0505    0505    1010
I100    ,           0410    0202    0505    0203    0210
I100    ,           0709    0505    0707    0103    1818
I100    ,           0708    0405    0707    0505    0610
I100    ,           0911    0202    0505    0409    0810
I100    ,           0910    0202    0505    0207    0616
I100    ,           0910    0207    0505    0203    0808
I100    ,           0810    0207    0505    0508    1010
I100    ,           0709    0203    0505    0404    1014
I100    ,           0910    0202    0505    0408    1010
I100    ,           1010    0107    0505    0206    0808
I100    ,           1010    0102    0000    0202    0808
I100    ,           0516    0505    0707    0304    0606
I100    ,           0809    0202    0505    0505    0810
I100    ,           0810    0207    0505    0409    0608
I100    ,           0608    0405    0707    0507    0505
I100    ,           0708    0505    0709    0204    0808
I100    ,           1010    0203    0505    0204    1114
I100    ,           0612    0404    0707    0306    0606
I100    ,           0810    0202    0505    0205    0812
I100    ,           0610    0404    0710    0303    0606
I100    ,           0812    0505    0707    0406    0606
I100    ,           0808    0405    0707    0404    0606
I100    ,           0910    0207    0505    0405    0909
I100    ,           0810    0202    0505    0210    1010
I100    ,           0813    0505    0707    0404    0606
I100    ,           0811    0505    0707    0304    0506
I100    ,           0710    0405    0709    0404    0606
I100    ,           0810    0404    0707    0306    0606
I100    ,           0811    0505    0707    0406    0505
I100    ,           0707    0405    0707    0507    0606
I100    ,           0708    0405    0709    0305    0510
I100    ,           0708    0405    0707    0204    0606
I100    ,           0512    0405    0709    0303    0506
I100    ,           0707    0404    0709    0408    0404
I100    ,           0816    0405    0707    0508    0505
I100    ,           0709    0202    0505    0305    1010
I100    ,           0809    0505    0707    0606    0606
I100    ,           0816    0505    0707    0305    0606
I100    ,           0707    0405    0707    0304    0205
I100    ,           0712    0104    0207    0304    0606
I100    ,           0607    0405    0709    0303    0206
I100    ,           1317    0405    0710    0305    0505
I100    ,           0812    0405    0207    0304    0606
I100    ,           0716    0404    0707    0404    0606
I100    ,           0809    0405    0707    0305    0610
I100    ,           0808    0405    0709    0304    0606
I100    ,           1010    0203    0505    0304    1414
I100    ,           0710    0607    0505    0307    1010
I100    ,           0710    0207    0505    0309    0610
I100    ,           0608    0505    0707    0304    0506
I100    ,           0707    0405    0707    0304    0606
I100    ,           0808    0205    0707    0506    0606
I100    ,           0513    0505    0707    0203    0510
I100    ,           0710    0505    0707    0404    0303
I100    ,           0707    0405    0707    0405    0606
I100    ,           0708    0405    0707    0305    0606
I100    ,           0610    0206    0505    0507    1012
I100    ,           1010    0202    0505    0304    0808
I100    ,           0909    0206    0505    0203    1019
I100    ,           0104    0203    0505    0204    0608
I100    ,           0812    0405    0707    0305    0808
I100    ,           0608    0607    0505    0308    1010
I100    ,           0410    0206    0505    0608    0810
I100    ,           0508    0203    0507    0208    1212
I100    ,           0910    0202    0505    0304    0612
I100    ,           0710    0202    0505    0204    1010
I100    ,           0610    0206    0707    0407    1010
I100    ,           0710    0206    0505    0308    1010
I100    ,           0909    0607    0505    0304    1010
I100    ,           0610    0203    0505    0308    1010
I100    ,           0809    0205    0707    0506    0506
I100    ,           0808    0505    0910    0303    0606
I100    ,           0915    0505    0707    0304    0606
I100    ,           0910    0407    0505    0204    1010
I100    ,           0710    0206    0505    0307    0812
I100    ,           0610    0202    0707    0304    1010
I100    ,           0710    0202    0505    0405    1010
I100    ,           0810    0202    0505    0204    0808
I100    ,           0608    0202    0505    0307    0612
I100    ,           0410    0203    0505    0303    1010
I100    ,           0716    0404    0707    0508    0606
I100    ,           0910    0203    0505    0304    1414
I100    ,           1010    0202    0505    0404    1010
I100    ,           0910    0207    0505    0205    1010
I100    ,           0710    0103    0505    0305    1010
I100    ,           0707    0207    0505    0204    0614
I100    ,           0710    0202    0505    0204    0808
I100    ,           0610    0203    0505    0303    0810
I100    ,           0613    0404    0707    0611    0210
I100    ,           0710    0306    0505    0303    1010
I100    ,           0811    0203    0505    0208    0610
I100    ,           0707    0405    0707    0506    0606
I100    ,           0713    0505    0707    0306    0606
I100    ,           1116    0505    0709    0305    0606
I100    ,           0708    0405    0711    0307    0606
I100    ,           0610    0202    0711    0204    0611
I100    ,           0810    0407    0505    0508    0610
I100    ,           0710    0203    0505    0308    0810
I100    ,           0910    0207    0505    0306    1010
I100    ,           0710    0606    0505    0406    0808
I100    ,           0810    0207    0505    0707    1116
I100    ,           0709    0306    0505    0308    1010
I100    ,           0409    0203    0505    0208    0814
I100    ,           0608    0505    0707    0204    0306
I100    ,           0408    0207    0505    0507    0606
I100    ,           0709    0207    0507    0204    1212
I100    ,           0609    0206    0505    0708    1012
I100    ,           0909    0206    0505    0204    0810
I100    ,           0608    0505    0707    0305    0505
I100    ,           0810    0202    0505    0205    1012
I100    ,           0606    0405    0709    0304    0606
I100    ,           0510    0607    0505    0308    0606
I100    ,           0709    0102    0505    0404    0808
I100    ,           1010    0206    0505    0408    0608
I100    ,           0410    0306    0505    0203    0610
I100    ,           1010    0206    0505    0306    1010
I100    ,           0608    0405    0707    0308    0519
I100    ,           0810    0405    0707    0405    0306
I100    ,           0810    0202    0707    0206    0810
I100    ,           0812    0505    0707    0304    0606
I100    ,           0911    0206    0707    0404    1010
I100    ,           0511    0203    0505    0304    1010
I100    ,           0810    0202    0505    0404    0606
I100    ,           0410    0202    0505    0305    0610
I100    ,           0410    0202    0505    0303    1010
I100    ,           1010    0304    0505    0208    1010
I100    ,           0810    0207    0507    0305    1010
I100    ,           0910    0206    0505    0306    1010
I100    ,           0410    0202    0505    0206    1010
I100    ,           0710    0203    0505    0305    0810
I100    ,           0710    0607    0505    0203    0810
I100    ,           0609    0202    0505    0407    1012
I100    ,           0810    0206    0505    0203    1012
I100    ,           0810    0207    0505    0408    0610
I100    ,           0810    0203    0707    0506    1010
I100    ,           0910    0202    0505    0306    1010
I100    ,           0710    0206    0505    0809    1010
I100    ,           0707    0206    0505    0307    1010
I100    ,           0511    0405    0707    0303    0210
Pop
I300    ,           0407    0202    0505    0304    1212
I300    ,           0612    0405    0707    0506    0606
I300    ,           0910    0203    0505    0203    0608
I300    ,           0101    0202    0505    0304    1010
I300    ,           0608    0505    0707    0405    0202
I300    ,           0410    0206    0505    0208    0810
I300    ,           0708    0405    0710    0305    0202
I300    ,           0809    0307    0505    0203    1010
I300    ,           1213    0404    0707    0405    0202
I300    ,           0813    0304    0707    0303    0606
I300    ,           0408    0105    1010    0205    0606
I300    ,           0708    0404    0707    0303    0505
I300    ,           0000    0405    0710    0304    0606
I300    ,           0709    0203    0505    0303    0614
I300    ,           0816    0404    0707    0609    0707
I300    ,           0410    0102    0505    0204    1010
I300    ,           0409    0505    0710    0305    0202
I300    ,           0812    0405    0709    0404    0202
I300    ,           0610    0206    0505    0203    0610
I300    ,           0718    0404    0709    0303    0606
I300    ,           0711    0405    0710    0205    0210
I300    ,           0910    0207    0505    0204    1011
I300    ,           0809    0203    0305    0308    1012
I300    ,           0406    0206    0505    0507    1010
I300    ,           0108    0204    0505    0607    0808
I300    ,           0910    0207    0505    0405    0808
I300    ,           0910    0205    0505    0205    1019
I300    ,           0408    0306    0505    0405    1212
I300    ,           1010    0202    0505    0303    0710
I300    ,           0709    0606    0505    0203    1010
I300    ,           0809    0204    0507    0204    1010
I300    ,           0408    0203    0505    0508    0610
I300    ,           0610    0507    0505    0306    1011
I300    ,           0710    0202    0505    0405    0810
I300    ,           0610    0207    0505    0204    0810
I300    ,           0608    0607    0505    0204    1012
I300    ,           0107    0204    0505    0203    1212
I300    ,           0410    0607    0505    0404    0606
I300    ,           0707    0505    0202    0304    0608
I300    ,           0506    0505    0709    0203    0808
I300    ,           0606    0505    0707    0303    0606
I300    ,           1016    0505    0707    0304    0303
I300    ,           0612    0107    0505    0203    1212
I300    ,           0710    0206    0505    0304    1010
I300    ,           0409    0102    0507    0203    1014
I300    ,           0610    0404    0909    0405    0606
I300    ,           0708    0405    0707    0505    0610
I300    ,           0409    0207    0507    0304    0808
I300    ,           0810    0202    0505    0204    1012
I300    ,           0410    0206    0505    0304    0809
I300    ,           0607    0206    0505    0608    1010
I300    ,           0510    0206    0505    0304    1014
I300    ,           0406    0206    0507    0407    0608
I300    ,           0410    0205    0505    0202    0608
I300    ,           0710    0207    0505    0209    0812
I300    ,           0408    0206    0505    0209    0609
I300    ,           0909    0207    0505    0308    0606
I300    ,           0810    0207    0505    0307    1212
I300    ,           0608    0405    1010    0505    0606
I300    ,           0910    0206    0505    0303    1010
I300    ,           0910    0207    0505    0409    1012
I300    ,           0608    0103    0505    0204    0610
I300    ,           0810    0206    0707    0304    0808
I300    ,           0809    0203    0505    0304    0614
I300    ,           0817    0405    0709    0205    0303
I300    ,           0409    0202    0505    0408    1010
I300    ,           0710    0307    0505    0405    0808
I300    ,           0712    0505    0707    0307    0606
I300    ,           0610    0202    0505    0305    1014
I300    ,           0709    0207    0505    0508    0810
I300    ,           0408    0203    0505    0204    1012
I300    ,           0810    0306    0505    0203    0606
I300    ,           0707    0505    0707    0304    0608
I300    ,           0710    0202    0505    0303    1010
Pop
B198    ,           0808    0505    0707    0404    0310
B198    ,           0507    0505    0707    0505    0606
B198    ,           0507    0105    0707    0305    0810
B198    ,           0707    0405    0707    0305    0306
B198    ,           0617    0405    0707    0305    0505
B198    ,           0307    0404    0709    0305    0606
B198    ,           1517    0505    1010    0305    0606
B198    ,           0707    0505    0707    0104    0606
B198    ,           0707    0505    0707    0505    0506
B198    ,           0316    0405    0210    0505    0505
B198    ,           0815    0505    0707    0404    0506
B198    ,           0608    0405    0707    0406    1010
B198    ,           0608    0505    0707    0303    0210
B198    ,           0707    0505    0707    0305    0303
B198    ,           0716    0404    1010    0405    0202
Pop
B100    ,           0607    0505    0707    0306    0606
B100    ,           0507    0505    0707    0303    0303
B100    ,           0409    0607    0000    0307    0808
B100    ,           1010    0505    0707    0304    0606
B100    ,           0709    0505    0707    0505    0202
B100    ,           0710    0405    0710    0505    0606
B100    ,           0708    0000    0909    0408    0507
B100    ,           0716    0505    0707    0306    0508
B100    ,           0613    0505    0707    0512    0606
B100    ,           0808    0505    0709    0505    0506
B100    ,           0606    0505    0709    0506    0606
B100    ,           1113    0505    0707    0405    0606
B100    ,           0707    0405    0707    0404    1010
B100    ,           0707    0505    0707    0304    0606
B100    ,           0914    0303    0707    0303    1010
B100    ,           0910    0606    0709    0305    0606
B100    ,           0517    0405    0707    0303    0606
B100    ,           0507    0505    0709    0405    0606
B100    ,           0707    0505    0707    0304    0606
B100    ,           0707    0505    0707    0405    0210
B100    ,           0715    0505    0707    0305    0506
B100    ,           0607    0505    0707    0406    0606
B100    ,           0417    0505    0909    0505    0606
B100    ,           0717    0505    0707    0505    0202
B100    ,           0707    0505    0707    0304    0606
Pop
I298    ,           0707    0505    0707    0305    0606
I298    ,           0708    0405    0707    0303    0506
I298    ,           0408    0405    0707    0303    0606
I298    ,           0608    0404    0707    0404    0618
I298    ,           0808    0505    0505    0610    0505
I298    ,           0608    0505    0505    0405    0306
I298    ,           0811    0404    0909    0404    0606
I298    ,           0507    0505    1010    0306    0808
I298    ,           0406    0505    0707    0404    0606
I298    ,           0810    0505    0909    0305    0306
I298    ,           0608    0405    0710    0404    0508
I298    ,           0708    0505    0707    0305    0606
I298    ,           0607    0505    0707    0505    0610
I298    ,           0611    0405    1010    0405    0506
I298    ,           0707    0505    0707    0303    0308
I298    ,           0716    0405    0707    0405    1010
I298    ,           0808    0405    0707    0305    0306
I298    ,           0716    0505    0808    0506    0606
I298    ,           0707    0505    0909    0304    0306
I298    ,           0610    0405    0707    0405    0303
I298    ,           0515    0405    0707    0205    0506
I298    ,           0608    0404    0202    0405    0306
I298    ,           0715    0505    0707    0606    0606
I298    ,           0716    0405    0707    0510    0606
I298    ,           0812    0505    0505    0405    0505
I298    ,           0708    0405    0707    0406    0205
I298    ,           0508    0505    0707    0204    0306
Pop
I200    ,           0708    0405    0707    0407    0606
I200    ,           0809    0405    0707    0303    0606
I200    ,           0708    0404    0707    0404    0606
I200    ,           0810    0405    0707    0305    0606
I200    ,           0812    0505    0710    0404    0206
I200    ,           0716    0505    0707    0305    0303
I200    ,           0713    0505    0710    0105    0606
I200    ,           0615    0405    0707    0204    0606
I200    ,           0506    0505    0710    0405    0506
I200    ,           0810    0404    0707    0505    0506
I200    ,           0507    0405    0707    0407    0506
I200    ,           0615    0505    0707    0304    0606
I200    ,           0715    0404    1010    0404    1010
I200    ,           1216    0404    0710    0406    0508
I200    ,           0707    0505    0710    0303    0210
I200    ,           1111    0505    0707    0404    0219
I200    ,           0507    0505    0709    0404    0606
I200    ,           0808    0405    0202    0405    0210
I200    ,           0707    0405    0707    0505    0306
I200    ,           0612    0505    0707    0404    0606
I200    ,           0715    0405    0507    0304    0619
I200    ,           0712    0505    0707    0505    0608
I200    ,           0815    0505    0709    0405    0606
I200    ,           0717    0505    0707    0305    0606
I200    ,           0508    0405    0710    0404    0606
I200    ,           0709    0505    0707    0505    0303
I200    ,           0611    0505    0707    0405    1818
I200    ,           0707    0505    0000    0303    0506
I200    ,           0809    0505    0709    0305    0306
I200    ,           0610    0505    0207    0305    0606
I200    ,           0708    0505    0909    0304    0606
I200    ,           0708    0505    1010    0304    0606
I200    ,           0708    0405    1010    0304    0606
I200    ,           0708    0505    0709    0506    0506
I200    ,           0608    0505    0709    0405    0810
I200    ,           0607    0405    0710    0405    0608
I200    ,           0707    0505    0910    0304    0308
I200    ,           0716    0505    0710    0103    0606
I200    ,           0809    0405    0707    0103    0606
I200    ,           0808    0405    0707    0305    0522
I200    ,           0809    0405    0707    0404    1010
Pop
B297    ,           0709    0202    0606    0304    0510
B297    ,           0709    0207    0606    0305    1010
B297    ,           0409    0206    0606    0406    1515
B297    ,           0708    0505    0707    0406    0608
B297    ,           0808    0404    0710    0404    0505
B297    ,           0607    0505    0707    0404    0606
B297    ,           0708    0505    0207    0305    0607
B297    ,           0507    0404    0209    0406    0606
B297    ,           0609    0203    0505    0406    0808
B297    ,           0708    0404    0707    0305    0606
B297    ,           0810    0405    0707    0308    0606
B297    ,           0409    0202    0303    0508    1010
B297    ,           0809    0202    0303    0205    1010
B297    ,           0810    0707    0505    0304    1010
B297    ,           0609    0206    0505    0307    1010
B297    ,           0609    0207    0505    0203    1010
B297    ,           0609    0507    0505    0306    1010
B297    ,           0712    0505    0707    0305    0606
B297    ,           0606    0202    0505    0204    1010
B297    ,           0609    0202    0505    0207    0710
B297    ,           0409    0202    0505    0306    1010
B297    ,           0910    0207    0505    0406    0810
B297    ,           0910    0102    0505    0406    0810
B297    ,           0409    0202    0505    0304    1012
B297    ,           0409    0202    0505    0305    0510
B297    ,           0914    0202    0303    0307    0606
B297    ,           0609    0207    0505    0304    1919
B297    ,           0409    0507    0505    0203    0710
B297    ,           0609    0207    0505    0405    0708
B297    ,           0508    0404    0707    0405    0606
B297    ,           0609    0202    0505    0406    1114
B297    ,           0412    0202    0505    0405    0710
B297    ,           0609    0202    0505    0305    1010
B297    ,           0509    0405    0505    0304    0608
B297    ,           0609    0404    0710    0204    0606
Pop
B299    ,           0609    0202    0505    0406    0810
B299    ,           0609    0202    0505    0406    0810
B299    ,           0609    0202    0505    0404    0810
B299    ,           0609    0202    0505    0207    0810
B299    ,           0609    0202    0505    0207    0810
B299    ,           0409    0202    0505    0606    0810
B299    ,           0808    0205    0710    0304    0506
B299    ,           0708    0505    0207    0309    0505
B299    ,           0708    0405    0202    0204    0606
B299    ,           0607    0505    0710    0305    0506
B299    ,           0708    0505    0207    0304    0506
B299    ,           0609    0202    0505    0404    1120
B299    ,           0109    0202    0505    0204    1011
B299    ,           0508    0505    0202    0309    0808
B299    ,           0508    0405    0909    0506    0606
Pop
B200    ,           0707    0505    0210    0305    0606
B200    ,           0508    0505    1010    0303    0606
B200    ,           0708    0505    0310    0303    0613
B200    ,           0608    0505    1010    0505    0610
B200    ,           0708    0505    0310    0304    0606
B200    ,           0408    0505    0707    0305    0606
B200    ,           0707    0505    0707    0305    0506
B200    ,           0608    0405    0710    0203    0506
B200    ,           0606    0206    0505    0202    0810
B200    ,           0609    0202    0505    0405    0810
B200    ,           0708    0505    0707    0304    0506
B200    ,           0409    0206    0505    0405    1010
B200    ,           0516    0505    0307    0305    0505
B200    ,           0808    0505    0207    0406    0305
B200    ,           0608    0505    0207    0505    0606
B200    ,           0508    0505    0709    0305    0510
B200    ,           0716    0505    0707    0303    0606
B200    ,           0708    0505    0709    0305    0606
B200    ,           0507    0405    0710    0404    0606
B200    ,           0507    0405    0210    0406    0505
B200    ,           0808    0505    0707    0409    0606
B200    ,           0708    0505    0307    0305    0505
B200    ,           0508    0505    0307    0405    0606
B200    ,           0607    0202    0505    0406    1011
B200    ,           0708    0505    0707    0305    0606
B200    ,           0707    0505    0303    0303    0606
B200    ,           0810    0505    0710    0304    1313
B200    ,           0609    0202    0505    0406    1111
B200    ,           0609    0202    0505    0404    0810
B200    ,           0409    0405    0707    0606    0606
B200    ,           0609    0202    0505    0307    1011
B200    ,           0609    0202    0505    0407    1010
B200    ,           0709    0202    0505    0306    0820
B200    ,           0609    0206    0505    0406    0810
B200    ,           0609    0202    0505    0404    1011
B200    ,           0609    0202    0505    0407    0511
B200    ,           0409    0202    0505    0707    1010
B200    ,           0406    0202    0505    0607    1011
B200    ,           0709    0202    0505    0507    1111
B200    ,           0609    0206    0505    0207    0811
B200    ,           0609    0202    0505    0204    0510
B200    ,           0609    0206    0505    0206    0808
B200    ,           0609    0206    0505    0306    0810
B200    ,           0707    0505    1010    0303    0606
B200    ,           0409    0206    0505    0405    1010
B200    ,           0409    0202    0505    0304    1010
B200    ,           0708    0405    1010    0406    0506
B200    ,           0409    0202    0505    0406    0808
B200    ,           0409    0202    0505    0304    0810
B200    ,           0608    0206    0105    0506    0811
B200    ,           0609    0202    0505    0407    0520
B200    ,           0406    0202    0505    0404    0810
B200    ,           0707    0405    0707    0606    0510
B200    ,           0409    0206    0505    0404    0810
B200    ,           0406    0202    0505    0607    0508
B200    ,           0406    0202    0505    0404    0811
B200    ,           0609    0202    0505    0404    0808
B200    ,           0409    0202    0505    0404    0508
B200    ,           0409    0202    0505    0607    0511
B200    ,           0716    0505    0909    0606    0506
B200    ,           0609    0202    0505    0404    0810
B200    ,           0606    0202    0505    0406    0510
B200    ,           0409    0202    0505    0304    1011
B200    ,           0707    0505    0707    0506    0506
B200    ,           0808    0404    0307    0606    0606
B200    ,           0409    0206    0505    0202    0811
B200    ,           0409    0206    0505    0204    1011
B200    ,           0409    0202    0505    0407    1010
B200    ,           0816    0405    0707    0203    0506
B200    ,           0609    0202    0505    0307    0808
B200    ,           0707    0505    1010    0406    0613
B200    ,           0707    0405    1010    0204    0606
B200    ,           0809    0505    0707    0506    0606
B200    ,           0708    0505    0707    0307    0606
B200    ,           0707    0505    0507    0505    0606
B200    ,           0609    0202    0505    0406    1011
B200    ,           0507    0505    0707    0307    0613
B200    ,           0409    0206    0707    0203    1010
B200    ,           0708    0405    0207    0203    0606
B200    ,           0609    0206    0505    0507    0810
B200    ,           0509    0206    0303    0505    0606
B200    ,           0707    0505    0202    0506    0613
B200    ,           0609    0202    0505    0606    1010
B200    ,           0808    0405    0910    0506    0513
B200    ,           0609    0206    0505    0204    0811
B200    ,           0708    0405    0207    0306    0606
B200    ,           0609    0206    0505    0405    0810
Pop
B204    ,           0509    0404    0909    0305    1313
B204    ,           0708    0505    0309    0303    0606
B204    ,           0808    0505    1010    0305    0202
B204    ,           0409    0206    0707    0206    1120
B204    ,           0409    0206    0505    0406    0510
B204    ,           0809    0206    0101    0207    1120
B204    ,           0609    0206    0505    0406    0508
B204    ,           0809    0202    0101    0406    0808
B204    ,           0409    0206    0505    0204    0511
B204    ,           0408    0505    0307    0307    0505
B204    ,           0707    0505    1010    0303    0606
B204    ,           0609    0202    0505    0407    1020
B204    ,           0609    0202    0505    0707    0808
B204    ,           0409    0202    0710    0404    0811
B204    ,           0409    0202    0710    0407    1120
B204    ,           0809    0206    0101    0405    0808
B204    ,           0409    0206    0505    0207    0811
B204    ,           0609    0202    0505    0407    0808
B204    ,           0709    0202    0505    0507    1011
B204    ,           0609    0202    0505    0304    1011
B204    ,           0409    0206    0505    0203    0820
B204    ,           0409    0202    0505    0204    1011
B204    ,           0409    0606    0505    0205    1111
B204    ,           0609    0206    0505    0406    1020
B204    ,           0609    0202    0505    0207    1121
B204    ,           0406    0206    0505    0406    1020
B204    ,           0708    0505    0202    0306    0506
B204    ,           0409    0206    0505    0204    1010
B204    ,           0606    0202    0505    0407    0810
B204    ,           0609    0202    0505    0507    0808 